<<<<<<< HEAD
x <- 2 + 4 + 8
=======
x <- 2
>>>>>>> 69e69e0bf622e9e8d318cb9a530921559f7691bb
y <- 4 * 8
z <- x/y

5 * 5
