x <- 2 + 4
y <- 4 * 8
z <- x/y

5 * 5
