x <- 2 + 4 + 8
y <- 4 * 8
z <- x/y
